-0.9597129765680167
-0.7025668492713186
0.7696634753515
-1.091239504385559
-0.9496716092495978
0.2553286210003718
0.5302235882227279
-0.32931887707869023
0.7893636908194731
0.7052217899700163
0.2557136507838861
1.050525189319842
0.3874885083352114
-0.4823842973715616
-0.6100328771259869
-1.5220129792574875
0.4289667054669992
1.0711249118365649
0.3126695219501433
-0.1708002556700095
0.2870423462162029
-0.260994281917867
0.9821092910609798
-1.081061178093503
-1.5640252506452732
-1.0335413830515858
-0.7273136523665372
-0.3665518519520711
2.529908988849445
-0.1118815804946592
0.9306916080992814
-0.6486365526916638
0.9784534690875192
-2.1774503804949488
-0.10310898985108005
0.8142981562825283
-0.6768599992184844
0.5402086564769915
1.0371925910982494
0.09998231421096977
0.9423656996943247
0.19643208212372143
0.358190596630797
-0.5633168614336456
1.0057038300122956
0.8323954868469611
1.4396008825341944
0.3537210994588172
0.9421969706562409
-1.245843515094667
-0.40111864047442763