1.000920852282993
-0.5843192012954523
-0.1277918255813997
1.133633794305641
0.5048379960973481
-0.14346561985924117
-0.01325101842063744
-0.11679481119666259
0.14749190593246125
-0.6423148530595976
-1.116089978967282
1.4588404306095126
-0.6783715736933411
0.1386208641858561
0.7957158015876623
-0.17922549039576535
-1.2117782089663365
1.0967086651248548
0.48460117681540843
-0.9481939253337247
-0.7013384533766549
0.6888870190886892
1.0781657647908869
1.082460258274157
1.0146279335596213
-0.28635068512648953
0.929556542085883
-1.8613518902774868
-1.0511330651665802
-1.0538015230527995
-0.36412401947986833
-1.3418295995994718
1.0135762005787767
-0.5321435925259618
1.6270711188111582
-1.2416883341501974
0.2240373675214387
-1.2709602399575046
0.13263837222285824
2.536930615435725
1.9171687284073622
0.04683051964116151
0.4937994977726344
-0.7605822392805683
0.08099580190803357
-0.201294766737113
0.5078316697181854
-1.1986519154612234
0.6578652813811864
0.33305172853329384
0.862219056064987
-1.3727244849007347
-1.1760661478432946
-0.09860088644540144
-0.577417276617078
-0.17684957230378237
1.4553416730004534
-0.6990979173800292
-1.6566772967619885
1.107026055336188
-0.14216949110796925
0.919135580997729
-0.9808726166083561
-1.818235350079315
-1.0010545456374718
0.1874333853903952
-0.3296660739482993
1.35152631016165
-0.7800034491830324
-1.7448824709558084
-1.3396525892765927
-0.47623248387723094
0.18611679280301563
0.597841926713326
-0.4067177767219922
-0.016726310548193457
0.4523465437079274
-0.9262677752640285
1.461536250286278
-0.43219748707342537
-1.037433172715078
0.13925820000730374
-0.016207299714178468
-0.5337128476164694
-0.0896558504376128
0.03249612580516728
0.39020110702197647
0.6975645805910289
0.13512867147448085
-1.5578026268671215
-2.194264133904356
-0.47599441464749787
0.3612303527042039
1.9397208696206596
-0.5485534964962211
0.6249437187268433
0.08670081017291226
-1.9453506547820592
-0.3213324345376625
1.1983691698237229
-0.11639977443637228
1.5954179376013267
-0.6003577698754929
-1.9378608750838395
0.08908451469170058
-0.6239308723945719
-0.21624511593823886
0.8775925735036528
1.5032384601327262
0.3785540397507784
-0.356309655804891
-0.7445347270654149
0.6511205215612219
0.6549944288063236
0.007637599185054315
-0.1633658142773118
0.325456534937939
0.011320136454709603
-1.046951921538034
-1.5183998113816914
2.2310770895876963
0.325127880155388
0.14509203801350246
0.291396819458333
-0.3987636019162079
1.2582033738145804
-0.633720571268377
0.5971657260484405
0.9768516248924294
1.0529607634033968
1.3537643686729222
0.32251422097619115
-1.7432730363914888
0.34143537375810795
0.154995189408166
-0.5677788197788285
1.1908071772726676
-0.1232188641053027
-0.9418714237712721
0.5630445398406062
0.06895127769957403
0.7830673407130753
-0.36104903800850663
0.6061048805254784
0.14395754476972317
-2.0653196285663142
0.3252921930476068
0.9697393226793786
-0.21151262910378907
-0.1387111242759297
0.769252194325267
0.37585281980278373
0.40187735230795935
0.49299691773038695
-0.4216212907563782
0.20954245076804834
0.8696579744969523
-0.1435973992053115
0.1255966958083862
1.8813142509039364
0.3204404491724551
0.8860782945893785
-0.7222551984325637
1.0672580637530282
0.23530478287535775
-1.1263986588426624
0.5157434608187722
1.4239074383800492
0.06052258662365523
-1.4177707078536335
0.568398308593225
0.040537994121571885
1.3211248658308352
0.015130792886672228
-0.3800113957367669
-0.22379236244118686
-0.5970023233686608
-1.1848274898522104
0.7635098174542404
-0.014391929656486717
-0.7464466321066137
0.9307784149359807
-0.18366380514450803
0.28515502859926145
0.8819173893661795
1.0258980740701444
-0.4703733633661442
-1.5848097004024875
-0.07514655899035329
0.784451286479847
0.8701939283165955
1.4352684006924974
-0.866488813605338
0.3457725111453403
0.9387567393375369
0.3931440372124908
-1.8300517546063844
0.011331361190483199
-0.1494444322771
-0.05780605360875084
0.3402742788330735
0.41827485920352253
0.7263790151147171
-0.5015572279541798
1.1310788090262331
-0.17875165353155995
0.07350457961155969
2.0053793442876566
-1.1293138914133543
-0.2453292285516913
0.4172466366334036
0.605232360819007
-0.032104422349315945
0.3071063862223796
1.0541686557667087
-0.3706843879573837
0.8696705146882505
-1.0592685079979876
-0.514036807750072
-0.47294986266629246
-2.4270278459830106
1.3217296079132808
-1.1195462570886803
0.450040300939749
-0.9690800000161787
0.9196661993760549
0.042709303459184375
1.7699182169773326
-3.0464512892966225
1.057404369493254
0.7240921927715113
1.1784139446600175
0.644444459906991
-0.6526470403254563
2.0668495999330467
0.279042546196823
1.447726227707934
1.3477383278272377
2.6745447235954107
0.6185852314030924
-1.2525109632394749
-2.80999971675602
-0.5548561397767975
2.3880643265414006
0.2728999356311736
1.0076974620638655
2.429479919356183
1.1430265339848167
-0.5797256797117367
0.6362900288246228
-0.10328286890105796
-0.9907142331398815
0.6994993967790767
-0.16134380811685795
0.7752478408527421
-1.9774574683018482
0.9981859977504142
-0.2596558766668158
-2.2939968176436283
1.2756099901981297
-0.8227864384991509
1.0782758962178434
0.22560139527684533
-0.4014086126737435
0.6489245444689576
-0.5036204070242281
-0.06168752742494351
1.0900690316427244
-0.9990469330454915
-0.39224963839068216
0.7597140330515519
0.21362135415935835
-0.32713331618378505
-2.765631823322903
-0.1166432340306582
1.3412905358357534
1.0762829927555178
0.7433552494073472
-0.07331354240466345
2.4493828150954506
0.3736353126092769
0.26342431241234926
0.5988857676006316
-1.5519503797854781
0.04956558319287675
0.11313654749784662
0.4442607911629985
1.1098133792382334
0.7756103743098607
0.13581619276455226
1.6478041338856289
0.18313496123480533
-1.1803272779152518
-0.5547104041165815
0.03789913770811393
0.2665627445101067
0.0003689880449687009
-0.5590834437069049
-0.6883843072046709
0.2926199990956458
-1.150363334831281
-0.36879325820491893
0.3195310970173801
-0.03428024791776738
0.6443817342619313
-1.1914733451437978
0.5608436747123391
0.6480388674282316
-0.41928106776798574
-0.35290311004269637
0.6106381414066513
-0.16501416143310096
-0.9835165427025367
-0.4750490535195674
0.6888735914907962
-0.14964098884173324
1.9372881630228276
-0.28159655584267423
-0.1668079257233928
-0.4627653283775433
1.432135718984025
-0.1305300960492492
0.5410083948913681
1.1393438192278345
-1.4702631891681772
-0.2222723725812843
-1.825323922423645
1.411003837143377
-0.48742465269660357
0.5398722191578259
-0.4347874036722607
0.12605231684273044
0.7520320030494801
0.5012858527510194
-0.05646420125416416
0.30343938295132594
0.32684074224655985
0.1297845450430125
-0.5936309685685521
0.005061861700149366
0.022001459519390268
0.7566879265680437
0.7812985493483715
-1.9126019291350027
-1.2116424917225073
-1.5858248726497204
-1.3794183573019967
-0.23433086374061954
0.2788279151958047
2.4816306842068494
0.47434477121955243
-0.9038560961243991
0.014795438819820013
-0.620653627098104
1.344231711213884
-0.37411682409360286
-0.921414461975605
0.5673303312742773
0.021233512864498653
-0.9063695578393797
-1.2483371338291163
0.33361795424232266
-1.0555780613724106
0.5444041851570907
0.7266853204346205
0.7498757576026525
-1.8757495711438639
-0.738739945201579
1.1853493039523313
0.34573541970181104
-0.13927713754307122
0.0018536889170916685
-0.33441930660891706
-1.4318317875972784
-0.26934235542616547
-0.06488851442469683
-0.6922697090721313
1.9590230471402568
-0.2197198167532492
-0.32559315610455813
-0.6865451668128486
0.6701132151597599
-0.8161275933292164
1.1667207709056784
-0.3794027311775881
-0.8253561450710039
0.20580693904894162
-0.8159205679323736
-0.3580113460408006
-0.10633474687929674
0.8290351061287646
-1.049300942403659
-0.3113992934082599
0.8324387725954493
0.9092241832575967
1.8863014100597137
1.39413378604987
-0.20391156809646774
-0.45043003996671677
-0.798810824065418
-0.6738331390264113
-1.4868914751367086
0.12373397582292689
0.36026334809424376
-0.590673709460541
-1.8280950651806849
0.339163070646425
-0.13953276128729003
0.3241466286305473
-0.1341850739198039
-1.285722909416614
0.021171109440891067
-0.9488043561580559
0.43266181917205043
-0.049730388846320556
1.5947940597114467
-0.8896601802019353
-0.8235417145480868
3.193785066179457
-1.9506687830053515
-0.42269105529932055
-0.5642128177738941
-1.3267370600247714
0.31087667485993525
0.5662519779260765
-1.9228407086886126
-0.3116669904426408
-1.8940760796711829
1.0648365880743493
0.34153081215561776
-0.03655585241715944
-2.1410355063588735
-0.5003460122536192
-0.7762251787521448
0.2923669023008836
-0.18777432943752356
0.06793937464675681
-0.5273175612679485
-0.5096584077567499
1.5982236289896679
-0.4794878633531149
0.007927363535181193
-0.4603306750881507
-0.7110890191101849
-0.18845863864954646
0.9607086520661156
-1.2612752679765704
-0.2587549284987451
0.009161911846490702
1.2884854312091216
0.2817790749076329
1.130526978483806
-0.7042018124933587
1.7585645526652653
0.10882576336191106
-0.4030820633693499
0.3045349818094585
1.4597844213406015
-1.4531502738421018
-0.5238042265951901
-1.908888835576527
-0.35349201328934426
-1.1066904318993325
0.8376088545461018
-1.2818014607549997
0.05714075579821694
0.009405514820765883
1.9189771578628605
-1.9731728782318607
-0.6666122794040105
0.535932434727768
-0.7709414807093344
-1.0066635638874604
-1.2104300817154254
-0.7768720417850014
-1.0484422413054164
0.3993582940286915
-0.6181450171395962
-0.29796886168810327
-0.4126659684319584
1.692614713024438
-1.9301200163481271
-0.7367714943234035
0.5538742392306145
-0.28788178655547453
0.32474645540323804
0.7860080489587717
-1.9697099263847606
0.9789359445384146
-0.591726487201873
0.19725186134906095
-1.2859188491444717
-0.7983868912959239
0.7353848556574091
0.328906337924465
0.4285058652659716
1.2009536639522123
-0.7776976434303063
1.1721914507578421
0.8355287685898962
-0.0979055768116191