0.1759598120415829
-0.9566669967754656
-0.14615546182384412
0.21829814036892095
-1.8360944122596083
-1.0003718065071496
0.8110876114686083
0.8362593300629984
-0.5730648025144539
-1.0071209228582718
0.9878482281770214
-1.160823936662324
-0.2233627694012114
0.24690362696476315
0.5166440274126206
1.442696181301747
1.4721332318463172
-1.4245528397378677
-0.7118543162116288
-1.045934586089405
2.34772301952982
-0.9958467467234001
1.0082622839549782
-0.35813762884070716
0.9515952958164887
-1.7751264640744249
-0.38086984148276265
-0.1396929000945629
0.04771485252864799
-1.234940823384291
-0.651764410857918
-0.9537681234086285
1.6381204775932707
2.1902012323059665
-0.9376864119454288
0.49620453270575376
-0.0745328653731696
0.9513595153870721
-0.2404347631513981
-0.6952940669801113
-0.5632041778205448
0.6644867684839932
-0.7492010770130542
0.4313986538594612
0.4432316443586141
-1.0173507718127046
-0.009977151200254691
0.7448875276015693
-0.15784347078620778
-0.6593852978915873
-0.21752650837269644
0.29109197474641824
0.6385239817561419
-1.980476495173854
0.5271209896076576
-1.7111517018544735
-0.9195685307216918
-0.5586763515313362
-0.4891180880309819
-0.6428452433982885
0.09505658155347688
-1.269484717316589
0.8024074621763725
1.190786492048808
-0.6501970109991243
-0.19748152178936892
0.6551047963619383
0.6877020219349483
-0.22283991820460985
-0.8613333910861851
-1.1395533337231452
1.1333951077785014
-0.10927538034239569
0.8926024443306105
-1.7223330394687903
1.1498088553793788
-0.22484141772920904
0.17453686120887743
0.6560045575448314
-2.586963791185825
1.9832461906597767
-1.2122206177323522
0.2729906506185335
0.007978930123602642
-0.5597764099719642
-1.0549568608312674
-2.0838766734171776
0.6449473773552182
0.30821002157168337
-0.9005893793529469
1.4157452625025482
-0.2956476356910751
-0.5580067776639553
-1.1103993288505496
0.020957644160373563
0.6613321728975542
-0.036495357517259824
-0.0315281550255941
-1.467738603865513
0.6077265565024195
-1.825819344349965
-0.5866830869368601
0.41021096737297974
-1.0414250176460762
-0.9399171657470857
0.47351022524384045
-0.34518542337722957
1.3288470649695086
0.9426635663205116
-0.2669951027113502
-0.531179698932748
1.207479468978477
0.7481277597494005
0.8586286748220817
1.1429432287017127
-0.53887237799743
1.1043254152239057
-0.7495429299978908
-0.9622726394477411
0.21984711067427432
-0.929512641021876
-1.1095783743582972
-0.5718558669357662
-0.15662718085176436
0.12616290155900725
-0.4080842703511154
0.9529739709546945
1.625262530516241
-0.3383759853264307
-1.0102946734677307
2.0189344571564796
-1.1732359083042174
-0.5687157730017833
1.3927790308730315
-0.5066861775629384
0.6364664329993415
0.5263224569052548
1.3994180761769404
0.3191577793342024
0.9834430881676846
0.653039034225658
-0.4646953112486552
-1.220539845319275
-0.3238823560333608
-0.4705228583655764
0.9474320959476662
-0.8873508328358394
1.4732703034959143
0.06286532912160979
-0.9926792258721167
0.875343044341206
0.23474969945869162
0.8202084316404016
0.1131886902649584
1.3777062241254745
-0.22054863548032094
0.8265118785677446
-0.7296154705855814
-1.2545823756408165
-0.6841454931726192
-0.17153795002872038
-0.844007350861104
2.5853015450000916
0.9549609806384339
-0.11868189540681957
0.4573166007787439
-0.20813663810019487
0.5841194335243028
0.7210354562570094
-2.1388146529034766
-1.5755826609890713
-0.2231385930882122
1.0322912859074476
0.20470436534960718
-1.7904185866251614
-0.050513239469093286
0.8456356864956175
0.6571151763266276
-0.942807897470584
0.43509799341796884
-1.1635293305275436
-0.4268133599743235
1.040554918935694
0.875567660673426
0.23483939472312793
0.02613648349306387
1.2598087787103611
-1.9867704936668362
0.6904613777730124
0.7678765563230452
0.7953024445698997
-0.6688403413577273
-1.4790908029909497
0.40940884013526213
0.3076914995190445
1.7589428366524253
-2.0885627908453337
2.115228455105263
-1.6319917353542817
-0.82414194320137
0.5648281222721165