-0.6463032148947009
-0.19703764688961506
-1.1859980948376938
-0.7816781072528655
0.8429891006916502
-0.36767982972808555
0.15787468875260874
0.3346368936962703
-0.9972416250784508
-1.3186932892185947
1.142237779463899
-0.22469676546853895
-0.2537343383227289
-2.009596990497203
1.4997691637619504
0.16212821742452066
0.12208105751391916
0.7511880864987721
1.4089014998835654
-0.12307250186028212
-0.14212753292725422
-2.0062702710959885
-0.8638500583856217
-0.11462346224482764
-0.5841082657256492
-0.47482535583652197
0.889892477205489
1.6655720785905919
0.8940884740253464
0.46867835660931545
1.0932131624803967
0.7481233139297725
0.21193795930015344
0.003209233969090206
-1.6481118305350384
-0.6570716426406548
-0.48002524571052296
1.2738251516925214
-0.7649672746809281
0.39031859883948056
0.13235184955005636
-0.6643640512225252
0.528965722386147
0.5541481016763877
1.1882376472223533
-1.4697908391649024
-1.5909479137044582
-1.8437683961051576
-1.5511603017917155
-0.27267551849660376
0.3207037733542846
0.628684713290609
1.306081704174252
0.8548269578782803
-0.48129940684619554
0.3275329510667247
-0.8487147410333866
1.0620035060663637
-1.4794469851373073
0.0004769062625788341
0.36301083820368735
0.05066527916948527
1.3611825659941146
0.700694990867171
-0.030746476491753553
-0.04652479843298998
0.82364222301382
1.176061291980736
-1.5655217083178894
0.8660387821140658
1.162932600920464
0.4934156934929141
-2.159238417897973
0.8371845922316423
-0.35985671680894676
1.653676416174701
0.4566110770172891
0.9049783464083261
-1.165567029372889
0.7143745147362256
0.4861987806972867
0.34640136881639594
0.1062374669304493
1.0033949503239674
0.2167492003026219
0.4201230215758764
-0.46933282055930897
0.6705066317885275
0.6275190511029427
0.2152825460963491
-0.07510814406989426
-1.7089792207452477
-2.5526447045830314
-1.2877017658578038
0.6976302842834489
0.2986066200191311
-0.6325756497934241
1.2006385891902138
1.0721067155325514
-0.7604961967328586
-0.0405127297401145
1.5368247445457714
0.31463999658457514
-0.23382095857965363
0.18250008673791482
-0.1560882593947123
-0.1771691587016842
0.8185673415170648
-0.6814271681806598
-1.098512832333097
1.1999852082215097
0.6940144571758877
0.261135469442257
-0.6187406994661845
0.7244997470412966
-1.985580184257967
0.04533421453074262
0.12280295098358969
0.8683818457389088
0.888910111166844
0.7103401310349725
-0.27842963034340157
0.556954199492366
-0.649821494371624
0.7894752983519374
-2.123153080297926
-0.43816251723967303
-0.644029603167895
1.0814116745895066
-0.4760758197760705
-0.8255117892876519
-1.6289525625677928
-0.9759557184905834
0.7710672745354172
-1.6545985837471047
-1.3026042526954351
0.5364740833017666
0.4535879244984278
1.4966411546158427
0.4322422539145858
0.2193902961570818
-0.9459055726739032
-0.9579403081719989
-1.1672419297737255
-0.214355109682735
2.0767667459430177
0.30593656487728177
-0.7349791506547131
1.1856120593678288
-1.6290263646793681
0.25675815064832996
-0.2755800284925132
-1.3887006728271192
1.346855913121085
1.0476841325101354
0.3296240632051162
-0.29059845684369384
0.5799370301406446
0.8502742929573016
-1.5174244424432037
-0.023648366643570885
0.8934772284537107
-0.996219934000673
-0.04537070895968974
0.06523228154298602
0.16347783336861207
2.2631073858013697
0.23040540298214868
-0.22848630215265897
-0.15100438656511772
-0.28834353624300363
-1.0498145175585316
-1.28258258221722
0.7691522397904289
1.2304407601479348
0.5196582709158124
-0.6764171043238849
-1.3051462486548937
0.2636314443351311
0.7062775835704874
-0.7510285834332187
0.7792256396974582
-0.7276100159604949
0.3232158306382024
-1.4010544613527598
1.2278495438935209
-1.4962006582157452
1.5256109238705693
-0.42337944306167324
0.003576280245075069
-1.7899169767330727
0.9558516411222698
0.680154950157448
-0.4904830386251365
-1.7289607687702329
-0.014440728520493018
0.3901609084197579
0.7845091855745813
1.8313854429430068
1.0286577571203297
0.9378173510465572
1.7744168747665832
1.1834145297660221
-1.143622725159248
0.7654066523551124
-1.6417695074982863
1.0441998092310187
0.41201749982518454
0.1293401185776592
0.2169432449549304
-1.0018625827627454
0.9568391170444605
0.20354544453055493
-0.7824830400584276
-0.21983398599712828
0.16364188753938866
0.436329450722574
-1.3218461880750667
-2.183779248967778
-1.6697745455722353
-0.5246451168647748
0.02658889097535999
-0.4861020144731882
-0.8636062077015662
-2.0829638269575055
0.9803838952288818
-0.22463678572834841
-0.7711918538467983
1.0910332259739794
-2.325992856542547
0.028548136054172904
-1.2958855989241316
0.3191290122969182
-1.7015271090129866
-1.2084339485533453
-1.5514624992229629
0.5882364075679358
-0.8462617527393929
0.20453904710510423
0.23732333108815853
0.9069970624345698
-1.4507356438783385
-1.3301444611142959
0.5710721734455962
0.8432738351918306
1.58328674435858
-0.4179943741663741
0.46584139191374113
1.0427421861020612
-0.614146058552479
0.6810770029290085
-0.10377785708367983
-0.606133124966099
-0.5477073929672762
0.4811453128205028
-1.519841778645638
-1.4703059920062418
-0.22514855307373705
-1.687222279466682
-0.0731377455274975
-0.4214654241155755
0.587492828142362
-1.0254391903984088
0.7764050748926965
0.726358787309371
-1.4047134413042475
1.0329665843333236
-0.2863020828109658
-0.5009328970722586
-0.6777099585042943
-1.3804264610473944
0.387597655128978
0.10831040382274165
-0.20412705249641663
0.6340229276948341
-0.23562584379931975
-0.28726792979589777
-0.20228915968679775
-0.17344405851240224
-0.4007561770964432
-0.31555897738260646
-0.6527913178095472
1.1619468195262792
0.2373524555900482
-1.1734768575009167
-0.750063460945393
-0.7797116369320596
0.7707538361923999
-0.16168306325905799
0.38752397429965846
0.6865904331099019
-0.26179359030149874
1.9215654910021398
-0.30071034415566583
-0.8005393707302542
-0.5275475294411798
-0.4186790239646278
0.23326223103866447
-0.5779012738810697
0.9766922509306706
-0.6151718052062345
-0.8663039134947007
0.6291165694522024
0.347727937648649
-1.4171853469390687
-2.6228267330651813
0.19070441142181
-2.271623117314568
1.0987007656314467
0.20661043593216988
-1.1574023886994658
-0.015911882774495217
-0.6289573888027243
2.4113200428219894
0.44816007365507976
-0.315948452661891
-0.6215942948332439
0.5574981016998067
1.0667668068656913
0.23580834825277097
-1.3807280171111151
1.20317081524182
1.5328160660331243
0.7857961917596648
0.8286638735278473
-0.5047544824892182
0.2059559337619121
0.41164942790764825
-0.3801724789033538
1.4991670890382662
-1.6348776467244432
-0.08173429965591858
0.5562142931252189
0.2639362743303186
0.48805475140634286
0.031895907524341446
-0.8776925894457278
-0.0310664369374459
-1.5450497977726576
0.018518730917557867
-1.954951056594732
0.5580805873940239
-1.0445807370193014
-1.6397101942463093
0.8588688649372255
0.15809573547559483
-0.7254187446861141
-0.08162828878044104
-0.06518996820003727
-0.625623968011463
0.16403318461136784
0.02952725692614924
-0.24394307045316532
1.0875160108875637
1.868424342484043
-1.4427060347661242
-1.2557203333817433
0.734482480057271
0.6487336572585201
-0.26426092695836134
0.23963601883114777
-0.5124547238291569
1.0311979523853538
-0.5271549011761185
-0.07276528053838842
0.20741474166642596
-0.28346102516506805
-0.25218034570168774
1.3729042988383784
-1.9853660328383926
0.03243019170791913
0.9322394392631035
-0.5948343842122036
-0.6295823877931335
0.07820541053440633
0.5560852522105062
-0.026872902674741937
0.5594104510880543
0.23786022391805245
3.043984313321745
-0.6449625002448682
1.0106345828904382
-0.26544812636196347
1.0700270582092413
-0.8903845985726755
-0.883159641383567
-0.24246387305408842
1.016890431305537
-0.557364980268542
0.6633405334898339
-0.7376060068221469
-0.8753669522280179
1.1957660635423948
1.6961016236299713
0.6078948431486733
-0.07296824333278791
1.176512006594475
-0.5486620000193801
-0.40683487931193596
-1.2850921393137382
0.37367842566472437