-2.5582146530347805
-0.06670879284540665
-0.44301541231823405
1.138666946419448
0.8593546068105833
-0.8530485641606521
0.43152173063814625
-0.6912241343563571
0.5663941787702961
0.020090321818487945
0.36965814719812196
-0.41000064074123665
-0.32348500800839974
1.7863721757615325
-0.16557891606784914
1.8343991703250835
0.6608377862400935
-0.42287139988937184
-0.21292284493403277
1.6349589137528964
-1.1979680380996047
0.013409875313471984
-0.1584453008745433
-0.5735554912902129
-1.3055176716133854
0.6542689244597768
0.8098564350034707
-0.3014625465607272
2.5576917993814656
0.9124075961300663
0.4777358514491962
0.5177561780918329
-1.384834513049122
1.8160689708039166
2.517188938542966
-0.13704171770346135
-0.9946542194280878
-0.2740106793645896
1.1722956386971626
0.3240365209939768
-0.41729078762926086
0.36285559201590356
-0.4454060870536091
0.43995343105943496
-0.7955063090998108
0.3394356724561257
-0.4769074750100507
1.0300706710340055
-0.864122221407624
-0.649011599766777
-2.07384256438387
0.34589603392339446
-2.5259501843289263
-0.146229418734014
-0.44780724996073623
0.5669287631811245
0.27376014526797793
-1.168340941019965
-0.447870375483119
-0.3363358210232856
0.9302290868589066
0.7344187368047953
-1.0364691229174892
0.33828228871852856
-0.15098147072495724
-0.6742752409293093
0.5758554154360871
-0.2783326653202405
-0.6324231748854011
0.35415883084063304
-1.5742989617112988
-0.9780645933171528
-0.9901987814006408
-1.366188294484293
-0.9311453176691293
1.8270822741649528
-0.014951997943901814
0.22895177056175584
0.06103617287624938
-0.06715328770240943
-0.7418206992411178
0.08406426182099465
-0.7551427223808126
-0.1334332115483047
-0.077305671025784
1.0448968853809855
0.5867667576199638
-1.0393332305887288
2.057998489843657
-0.16804276146867328
0.0457020452928505
0.4524755407327664
-0.23068982731812393
1.8558293928318528
3.167804533477798
0.9930002924033686
1.4431603463078326
0.6132307207240476
-2.0239018195738225
-0.3423716027745879
0.7100872731297698