-0.5570046542497014
-1.2007295723969702
-0.19245373331231622
0.11864114467670152
-1.3901937829070181
0.0006321786762580157
0.2450067585220653
0.7917916415033107
-0.6412326133154077
0.23662558710703516
-0.11996166795025666
-1.341575912132582
0.8551665596301582
0.9049316775191796
-1.903961498898555
0.555138554898828
1.5688808458212689
-0.9040895445353847
-0.48669751618249124
0.33185733442556564
-0.3488069798011582
0.011899578213174626
-1.7647221291944835
-0.36271866785243617
1.9600723529978468
-0.04794869240858006
-0.9752963559457649
0.4132264663399409
0.6334083160211886
-0.6214891834698695
0.11927177528301705
-0.5354340145143948
-1.432392380453859
-1.233942413379418
1.229531923438713
1.1526456434678396
0.32690457612463264
-0.4044575341875009
0.5650330967964018
0.9252954268905322
-0.4891385198495059