0.5569572133150573
-1.0644531885573938
-0.6936326125690608
-0.7685509380012039
-1.6933457352933923
0.9870205405846886
0.6567579947490462
-1.8605654710409836
0.09874281196840616
1.8733232885438056
0.1871058493421329
0.5175339859902709
-0.9164551861655953
-0.4587122261606517
-0.13641196125676566
-1.371128231909884
0.09949377383052076
-0.18041527582498465
-0.4400175718973261
0.8922115903540403
0.20707031592027492
1.5725010917006021
0.5724323936346265
0.5445384759842095
0.44750764274098115
-0.2678752805554356
0.4511915612708767
1.0566779581924226
0.5431684696748426
0.17808508732650058
-0.8535826205460761