-2.0995974139193554
1.2589812578678903
1.5218365077807536
1.3340551076765559
-0.5221211171821478
-0.08145244554054581
-0.20356529807268176
-0.008179908672268844
0.9132063367816128
-1.5995426554758208
1.4066383991571314
1.4967541631530379
1.5999526199375638
-0.7232000449051839
-0.5592459975295591
-1.0871587292066784
-1.837880929873667
-0.681125459303285
-0.5844692242833163
-2.0141885932356196
-1.2705288610550565
-0.7664728194475556
1.1048657572221157
-0.1350650595890103
1.3871252666581397
-1.1126354590696994
-1.3865623974785208
-0.01855717487289544
-0.25833324647493233
-0.2439302154914938
0.6828306422433859
0.8942111934429559
1.469719419596893
-0.3521133610456361
-0.699755061171626
-1.5535695312570552
-0.021814446083020952
-0.8172444443963152
1.1515265341428096
-0.04709334550663582
2.4441556202292767
-1.1212652076936525
0.506337445997456
0.7076189950563074
-0.6025011316736333
0.7545367583608086
-1.0371679959364275
-0.7901693770100848
1.2433747346797226
1.74627617945028
-0.5686919112317563
-0.46328955524628707
2.14791485874579
-0.4586553334853105
0.03641704017712049
-0.31358236357664593
0.22024676464184328
0.7737383002965893
0.7470845071021585
-1.1232360514040014
-0.6807383479788912
0.33557232032791334
-0.1589183700236396
1.003590307749056
-1.0186059894574508
0.8412153518341862
0.3190391059175912
0.04375051943972095
-0.31539420062175627
1.1966146158160462
1.0689071882677141
-1.0416872882608412
-0.8546443186256416
0.4945502299680553
-0.4815412550085431
2.1787085925226872
-1.0412064154553269
1.273656251364155
-0.1586882261280049
1.1384086308621868
1.4395242273135782
-0.25277715034035536
0.3251814613982969
0.4321052490845767
1.5795217181453898
0.024180276533205265
3.0177004698281022
0.4277377952142285
-0.41539892752190866
0.19041136027489444
0.46944695259634894
-1.1892472345124947
1.6890864245875379
-0.4993453225216191
0.4114956156350445
-0.9590339669121473
0.5745661234254772
-0.3091492069318408
0.9903779399502115
0.813590134953034
1.4250735432610626
-0.04686092186597172
-0.6170607118743947
-1.6266815006390005
-0.36187420240409107
1.394111562657285
-0.6648233457741456
-0.8865750140509583
1.2676691136654272
-0.4453736797106982
-0.45064505625971873
-2.253070300302489
-0.09902657606601006
-1.1895953706271574
1.0864060862833305
-1.3899840651453002
-0.12591447380266121
-1.1171864047375586
1.7956512507584519
-0.19503246599499174
0.9385762127570036
-1.1750461222127637
-0.15324046204295094
1.000472837511753
1.7528114624527467
-0.6828416176480717
0.8919912696164797
-0.9860390205938522
-0.4299355541531494
-0.07662775834067188
-0.7595935396089668
1.5741057514727164
2.902323905620521
-0.4933461605463818
-0.485713937065499
-1.4279276680344972
-1.5735998973596743
0.7070238950815089
-0.9363043403145289
1.2043064803803833
0.4481729018948931
-0.36500446153182703
1.6311146037666133
1.1137617242261322
-0.12243609499069241
0.7075492531227786
1.1663033287840594
0.07183749019817015
-0.2653661371521737
-0.206787188847753
-0.7907933274981515
-0.6737955498877365
0.6799376355268117
-0.6125272242282588
-0.06505643115249839
-1.3602459294102647
0.029417679073323825
-0.016298054075269006
-0.35218591351744205
-0.07777911201887097
-1.1271304742557346
0.49603284266981373
1.058577417483451
0.03211913449102117
-0.465193520103909
0.9661707475449903
-0.6021863330004242
1.22260053101957
0.21581511520167906
1.2545993650335552
0.4266603207960522
-0.18329317065421183
0.908134832066321
0.6126821165059394
0.626752679147813
-0.795014053924634
-0.97679289222661
-0.812134190124369
1.0324238891749398
0.19999393479655145
1.2949053231346952
0.8028280452188475
0.29696760863383276
1.6078216740524531
-0.6868234106342872
0.7321595695712712
-0.21564147787949398
0.15009902158346108
-1.0111654454329762
0.5061843172961029
-0.19202341480666033
2.050002323009583
-0.5813871985852875
-0.4316743990287042
0.25582697102789864
-0.21071824472173298
1.23884757641974
0.4913630269350581
-0.12927525392334194
-0.0551835617048926
1.710312288219926
0.003289842362375848
1.117305179456392
1.2696800967428579
1.300437821299516
0.3018963344491204
0.6927125435410809
0.36112193071709636
-1.0805691991750155
-0.09672954811219799
0.1974813025387654
0.5333387278875151
1.1504857513067304
1.8520308371249004
-0.5282043907292431
0.42187148309912836
0.6189927404539376
-1.3737324445521333
0.9773091501444945
0.46303542940776726
1.3083516066660061
-1.6016858292324796
0.216368465261056
-1.4489345167337533
-0.6191871732575163
-0.7248964300677959
0.11954214286548735
0.2662694282687097
-1.717510414158273
-0.016485277276398657
0.41310355778585245
-0.15095813590738696
-1.545020854466593
-0.12141909648821889
0.7127792152356449
-0.2191321018665058
-0.4604520999263884
-0.7218706360068106
0.05587522501067469
-0.1987135025993874
-0.4775072512043863
-1.5116838763851026
-0.2363209355101086
-0.6553690346334783
0.5749335996367636
-0.6438870874911994
1.788177806396463
-0.0499242937226536
0.9118433718397938
-0.9085326003406198
3.663144803878458
-1.6574674503020532
-0.9475554392528903
0.49355006224819253
-1.6732906896482231
0.9540474694618812
-0.0678590693875603
0.21312876228218083
-1.8574037966198376
0.20028385918516195
0.23088787363848337
1.0059182551447852
-0.5241200302157113
0.7200201451886565
-1.2284609676908063
-2.2866905849026793
0.6509628737351449
-1.157504224372058
-0.40119283298125685
-0.27385950026215244
1.434157661512495
0.3960946795857835
-1.1157220396013046
1.775444943719259
0.07839444494244695
1.0172740611062894
-0.085055721268924
0.1600907495282218
0.9886804795295693
-0.1009118227110393
0.8981137774512506
-0.2247165355941326
-0.569776188971995
-1.2077499571069779
-0.09780181234625204
0.13804257990966065
-0.7831577111526506
-0.21185618911037613
0.2084627706325348
-0.7158025961748693
1.265996787975756
0.12111322710019652
-1.2030984049213258
0.7768485382990864
-0.5863152740865927
-1.1268071092475707
0.5913898053117274
0.030195329740039054
-1.3304748060345206
0.7926138422436619
-0.2752075455006795